1.000000e-01 7.230000e+02
3.000000e-01 1.483000e+03
5.000000e-01 1.823000e+03
7.000000e-01 7.860000e+02
9.000000e-01 3.350000e+02
1.100000e+00 3.610000e+02
1.300000e+00 2.650000e+02
1.500000e+00 2.820000e+02
1.700000e+00 2.680000e+02
1.900000e+00 2.370000e+02
2.100000e+00 1.950000e+02
2.300000e+00 1.860000e+02
2.500000e+00 1.780000e+02
2.700000e+00 2.400000e+02
2.900000e+00 2.810000e+02
3.100000e+00 2.640000e+02
3.300000e+00 4.250000e+02
3.500000e+00 8.270000e+02
3.700000e+00 6.950000e+02
3.900000e+00 6.180000e+02
4.100000e+00 4.380000e+02
4.300000e+00 1.770000e+02
4.500000e+00 5.900000e+01
4.700000e+00 7.000000e+00
4.900000e+00 8.000000e+00
5.100000e+00 5.000000e+00
5.300000e+00 7.000000e+00
5.500000e+00 0.000000e+00
5.700000e+00 0.000000e+00
