1.000000e-01 6.050000e+02
3.000000e-01 1.472000e+03
5.000000e-01 1.819000e+03
7.000000e-01 7.530000e+02
9.000000e-01 3.760000e+02
1.100000e+00 3.830000e+02
1.300000e+00 3.080000e+02
1.500000e+00 2.870000e+02
1.700000e+00 3.010000e+02
1.900000e+00 2.940000e+02
2.100000e+00 2.610000e+02
2.300000e+00 2.420000e+02
2.500000e+00 2.370000e+02
2.700000e+00 2.770000e+02
2.900000e+00 2.840000e+02
3.100000e+00 3.290000e+02
3.300000e+00 4.640000e+02
3.500000e+00 9.980000e+02
3.700000e+00 8.610000e+02
3.900000e+00 7.570000e+02
4.100000e+00 5.290000e+02
4.300000e+00 2.140000e+02
4.500000e+00 5.300000e+01
4.700000e+00 7.000000e+00
4.900000e+00 9.000000e+00
5.100000e+00 1.300000e+01
5.300000e+00 1.100000e+01
5.500000e+00 6.000000e+00
5.700000e+00 1.000000e+00
