1.000000e-01 1.200000e+01
3.000000e-01 2.000000e+00
5.000000e-01 0.000000e+00
7.000000e-01 0.000000e+00
9.000000e-01 0.000000e+00
1.100000e+00 0.000000e+00
1.300000e+00 0.000000e+00
1.500000e+00 0.000000e+00
1.700000e+00 0.000000e+00
1.900000e+00 0.000000e+00
2.100000e+00 0.000000e+00
2.300000e+00 0.000000e+00
2.500000e+00 0.000000e+00
2.700000e+00 0.000000e+00
2.900000e+00 3.000000e+00
3.100000e+00 2.600000e+01
3.300000e+00 6.400000e+01
3.500000e+00 3.500000e+01
3.700000e+00 1.000000e+00
3.900000e+00 0.000000e+00
4.100000e+00 0.000000e+00
4.300000e+00 0.000000e+00
4.500000e+00 0.000000e+00
4.700000e+00 0.000000e+00
4.900000e+00 0.000000e+00
5.100000e+00 0.000000e+00
5.300000e+00 0.000000e+00
5.500000e+00 0.000000e+00
5.700000e+00 0.000000e+00
